00 00 01 2E                                 command_length
00 00 01 03                                 command_id 
00 00 00 00                                 command_status
00 00 00 05                                 sequence_number
00                                          service_type
05                                          source_addr_ton
00                                          source_addr_npi
71 77 65 72 74 79 00                        source_addr 
01                                          dest_addr_ton
01                                          dest_addr_npi
33 38 30 35 30 34 37 31 38 30 36 30 00      destination_addr
00                                          esm_class
00                                          registered_delivery
00                                          data_coding
04 24 
00 FE 
61 64 
68 66 6A 61 73 64 68 66 6B 6A 68 73 66 6B 6A 61 68 73 6C 6B 66 6A 68 61 73 6A 66 61 6B 73 6E 69 75 61 73 68 64 66 75 79 61 67 73 64 66 6A 68 61 73 6A 64 66 68 61 6A 73 62 68 66 6A 68 73 64 67 66 6A 68 67 73 64 66 6A 68 62 73 64 66 6A 68 61 73 62 64 66 6A 6B 61 67 73 68 64 66 6B 6A 68 61 73 64 6A 66 68 62 73 6A 64 62 66 68 61 6A 6B 73 68 66 6A 61 73 68 67 66 6A 68 73 62 66 6A 61 62 73 68 66 6A 68 73 62 64 6A 66 6B 68 61 62 73 6A 64 66 62 68 6A 61 73 68 66 6A 73 67 64 66 68 6A 61 73 66 68 61 76 73 66 68 76 73 6A 66 68 73 61 6A 66 68 62 61 6A 73 68 64 66 6A 61 73 68 64 66 6A 68 61 73 62 64 66 6A 68 73 62 66 6A 68 61 73 67 66 6A 68 62 64 66 6A 61 73 68 62 64 66 6A 61 73 68 62 64 66 6A 68 61 73 62 64 66 6A 61 68 73 62 64 6A 66 68 61 62 73 6A 64 66 62

3af91


0 0 0  66 0 0 0 4 0 0 0 0 0 0 0 39 0 1 0 66 73 70 73 84 0 0 0 51 56 48 57 53 51 49 51 52 56 55 56 0 0 0 3 0 0 1 0 0 0   16 80 97 115  115 119 111 114 100 58  32 53  57 53  51 51  48
0 0 0 -66 0 0 0 4 0 0 0 0 0 0 0  2 0 1 0 66 73 70 73 84 0 0 0 51 56 48 57 53 51 49 51 52 56 55 56 0 0 0 3 0 0 1 0 8 0 -116  5  0   3 -119   3   1   4  57  4  70  4  67  4  58  4  53 4 61 4 51 4 72 4 73 4 55 4 69 4 74 4 68 4 75 4 50 4 48 4 63 4 64 4 62 4 59 4 52 4 54 4 77 4 79 4 71 4 65 4 60 4 56 4 66 4 76 4 49 4 78 0 113 0 119 0 101 0 114 0 116 0 121 0 117 0 105 0 111 0 112 0 91 0 97 0 115 0 100 0 102 0 103 0 104 0 106 0 107 0 108 0 59 0 39 0 122 0 120 0 99 0 118 0 98 0 110 0 109 0 44 0 46 0 113 0 119 0 101 0 114
0 0 0 -66 0 0 0 4 0 0 0 0 0 0 0  2 0 1 0 66 73 70 73 84 0 0 0 51 56 48 57 53 51 49 51 52 56 55 56 0 0 0 3 0 0 1 0 8 0 -116  5  0   3 -119   3   2   0 116  0 121  0 117  0 105  0 111 0 112 0 97 0 115 0 100 0 102 0 103 0 104 0 106 0 107 0 108 0 59 0 122 0 120 0 99 0 118 0 98 0 110 0 109 0 44 0 46 0 49 0 50 0 50 0 51 0 52 0 53 0 54 0 55 0 56 0 57 0 48 0 45 0 45 0 113 0 119 0 113 0 119 0 113 0 119 0 113 0 119 0 113 0 119 0 113 0 119 0 113 0 119 0 113 4 75 4 48 4 50 4 63 4 48 4 64 4 48 4 64 4 64 4 64 4 48 0 80 0 97 0 115
0 0 0  84 0 0 0 4 0 0 0 0 0 0 0  2 0 1 0 66 73 70 73 84 0 0 0 51 56 48 57 53 51 49 51 52 56 55 56 0 0 0 3 0 0 1 0 8 0   34  5  0   3 -119   3   3   0 115  0 119  0 111  0 114  0 100 0 58 0 32 0 49 0 57 0 51 0 57 0 50 0 53 0 32


0 0 0 -66    command_length
0 0 0 4      command_id 
0 0 0 0      command_status
0 0 0 2      sequence_number
0            service_type
1            source_addr_ton
0            source_addr_npi
66 73 70 73 84 0 source_addr 
0            dest_addr_ton
0            dest_addr_npi 
51 56 48 57 53 51 49 51 52 56 55 56 0 destination_addr
0            esm_class 
0            protocol_id 
3            priority_flag 
0            schedule_delivery_time 
0            validity_period 
1            registered_deliver
0            replace_if_present_flag 
8            data_coding
0            sm_default_msg_id
-116         sm_length 
5            
0            
3            
-119         
3            
1            

4            
57           
4            




18.03.19 21:43:02,789 [5] ñîîáùåíèå: 
àäðåñ=+380953134878 
òåìà Ïàðîëü ðàñøèðåííîé àóòåíòèôèêàöèè:éöóêåíãøùçõúôûâàïðîëäæýÿ÷ñìèòüáþqwertyuiop[asdfghjkl;'zxcvbnm,.qwertyuiopasdfghjkl;zxcvbnm,.12234567890--qwqwqwqwqwqwqwqûàâïàðàðððàPassword: 193925 
18.03.19 21:43:02,789 [4] Îòïðàâêà ñîîáùåíèÿ éöóêåíãøùçõúôûâàïðîëäæýÿ÷ñìèòüáþqwertyuiop[asdfghjkl;'zxcvbnm,.qwertyuiopasdfghjkl;zxcvbnm,.12234567890--qwqwqwqwqwqwqwqûàâïàðàðððàPassword: 193925  íà àäðåñ +380953134878
18.03.19 21:43:02,791 [5] SML: Äîáàâëåíèå ñîîáùåíèÿ 2 â ñïèñîê ñîîáùåíèé, îæèäàþùèõ îòâåòà.
18.03.19 21:43:02,794 [5] Ñôîðìèðîâàí çàïðîñ: (submit: (pdu:   0 4 0 2) (addr: 1 0 BIFIT)  (addr: 0 0 380953134878)  (sm: msg: ?@?????9?F?C?:?5?=?3?H?I?7?E?J?D?K?2?0?????>?;?4?6?M?O?G?A?<?8?B?L?1?N@q@w@e@r@t@y@u@i@o@p@?@a@s@d@f@g@h@j@k@l@;@'@z@x@c@v@b@n@m@,@.@q@w@e@r)  (opt: ) ) 
18.03.19 21:43:02,804 [5] Ñôîðìèðîâàí çàïðîñ: (submit: (pdu: 190 4 0 2) (addr: 1 0 BIFIT)  (addr: 0 0 380953134878)  (sm: msg: ?@???$@t@y@u@i@o@p@a@s@d@f@g@h@j@k@l@;@z@x@c@v@b@n@m@,@.@1@2@2@3@4@5@6@7@8@9@0@-@-@q@w@q@w@q@w@q@w@q@w@q@w@q@w@q?K?0?2???0???0???????0@P@a@s)  (opt: ) ) 







